5.000000e-02, 1.000000e-01, 6.283185e+00, 0.000000e+00, 2.243995e-01, 0.000000e+00, 0.000000e+00
5.000000e-02, 1.000000e-01, 6.282980e+00, 0.000000e+00, 2.243995e-01, 0.000000e+00, 7.495698e-01
5.000000e-02, 1.000000e-01, 6.282775e+00, 0.000000e+00, 2.243995e-01, 0.000000e+00, 1.499140e+00
5.000000e-02, 1.000000e-01, 6.282570e+00, 0.000000e+00, 2.243995e-01, 0.000000e+00, 2.248709e+00
5.000000e-02, 1.000000e-01, 6.282365e+00, 0.000000e+00, 2.243995e-01, 0.000000e+00, 2.998279e+00
5.000000e-02, 1.000000e-01, 6.282160e+00, 0.000000e+00, 2.243995e-01, 0.000000e+00, 3.747849e+00
5.000000e-02, 1.000000e-01, 6.281956e+00, 0.000000e+00, 2.243995e-01, 0.000000e+00, 4.497419e+00
5.000000e-02, 1.000000e-01, 6.281751e+00, 0.000000e+00, 2.243995e-01, 0.000000e+00, 5.246988e+00
5.000000e-02, 1.000000e-01, 6.281546e+00, 0.000000e+00, 2.243995e-01, 0.000000e+00, 5.996558e+00
5.000000e-02, 1.000000e-01, 6.281341e+00, 0.000000e+00, 2.243995e-01, 0.000000e+00, 6.746128e+00
5.000000e-02, 1.000000e-01, 6.281136e+00, 0.000000e+00, 2.243995e-01, 0.000000e+00, 7.495698e+00
5.000001e-02, 1.000000e-01, 6.280931e+00, 0.000000e+00, 2.243995e-01, 0.000000e+00, 8.245267e+00
5.000001e-02, 1.000000e-01, 6.280726e+00, 0.000000e+00, 2.243995e-01, 0.000000e+00, 8.994837e+00
5.000001e-02, 1.000000e-01, 6.280521e+00, 0.000000e+00, 2.243995e-01, 0.000000e+00, 9.744407e+00
5.000001e-02, 1.000000e-01, 6.280316e+00, 0.000000e+00, 2.243995e-01, 0.000000e+00, 1.049398e+01
5.000001e-02, 1.000000e-01, 6.280111e+00, 0.000000e+00, 2.243995e-01, 0.000000e+00, 1.124355e+01
5.000001e-02, 1.000000e-01, 6.279907e+00, 0.000000e+00, 2.243995e-01, 0.000000e+00, 1.199312e+01
5.000001e-02, 1.000000e-01, 6.279702e+00, 0.000000e+00, 2.243995e-01, 0.000000e+00, 1.274269e+01
5.000001e-02, 1.000000e-01, 6.279497e+00, 0.000000e+00, 2.243995e-01, 0.000000e+00, 1.349226e+01
5.000001e-02, 1.000000e-01, 6.279292e+00, 0.000000e+00, 2.243995e-01, 0.000000e+00, 1.424183e+01
5.000001e-02, 1.000000e-01, 6.279087e+00, 0.000000e+00, 2.243995e-01, 0.000000e+00, 1.499140e+01
5.000001e-02, 1.000000e-01, 6.278882e+00, 0.000000e+00, 2.243995e-01, 0.000000e+00, 1.574097e+01
5.000001e-02, 1.000000e-01, 6.278678e+00, 0.000000e+00, 2.243995e-01, 0.000000e+00, 1.649053e+01
5.000001e-02, 1.000000e-01, 6.278473e+00, 0.000000e+00, 2.243995e-01, 0.000000e+00, 1.724010e+01
5.000001e-02, 1.000000e-01, 6.278268e+00, 0.000000e+00, 2.243995e-01, 0.000000e+00, 1.798967e+01
5.000001e-02, 1.000000e-01, 6.278063e+00, 0.000000e+00, 2.243995e-01, 0.000000e+00, 1.873924e+01
5.000001e-02, 1.000001e-01, 6.277859e+00, 0.000000e+00, 2.243995e-01, 0.000000e+00, 1.948881e+01
5.000001e-02, 1.000001e-01, 6.277654e+00, 0.000000e+00, 2.243995e-01, 0.000000e+00, 2.023838e+01
5.000001e-02, 1.000001e-01, 6.277449e+00, 0.000000e+00, 2.243995e-01, 0.000000e+00, 2.098795e+01
5.000001e-02, 1.000001e-01, 6.277244e+00, 0.000000e+00, 2.243995e-01, 0.000000e+00, 2.173752e+01
5.000001e-02, 1.000001e-01, 6.277040e+00, 0.000000e+00, 2.243995e-01, 0.000000e+00, 2.248709e+01
5.000001e-02, 1.000001e-01, 6.276835e+00, 0.000000e+00, 2.243995e-01, 0.000000e+00, 2.323666e+01
5.000002e-02, 1.000001e-01, 6.276630e+00, 0.000000e+00, 2.243995e-01, 0.000000e+00, 2.398623e+01
5.000002e-02, 1.000001e-01, 6.276425e+00, 0.000000e+00, 2.243995e-01, 0.000000e+00, 2.473580e+01
5.000002e-02, 1.000001e-01, 6.276221e+00, 0.000000e+00, 2.243995e-01, 0.000000e+00, 2.548537e+01
5.000002e-02, 1.000001e-01, 6.276016e+00, 0.000000e+00, 2.243995e-01, 0.000000e+00, 2.623494e+01
5.000002e-02, 1.000001e-01, 6.275811e+00, 0.000000e+00, 2.243995e-01, 0.000000e+00, 2.698451e+01
5.000002e-02, 1.000001e-01, 6.275607e+00, 0.000000e+00, 2.243995e-01, 0.000000e+00, 2.773408e+01
5.000002e-02, 1.000001e-01, 6.275402e+00, 0.000000e+00, 2.243995e-01, 0.000000e+00, 2.848365e+01
5.000002e-02, 1.000001e-01, 6.275197e+00, 0.000000e+00, 2.243995e-01, 0.000000e+00, 2.923322e+01
5.000002e-02, 1.000001e-01, 6.274788e+00, 0.000000e+00, 2.243995e-01, 0.000000e+00, 3.073236e+01
5.000002e-02, 1.000001e-01, 6.274379e+00, 0.000000e+00, 2.243995e-01, 0.000000e+00, 3.223150e+01
5.000002e-02, 1.000001e-01, 6.273970e+00, 0.000000e+00, 2.243995e-01, 0.000000e+00, 3.373064e+01
5.000002e-02, 1.000001e-01, 6.273561e+00, 0.000000e+00, 2.243995e-01, 0.000000e+00, 3.522978e+01
5.000002e-02, 1.000001e-01, 6.273151e+00, 0.000000e+00, 2.243995e-01, 0.000000e+00, 3.672892e+01
5.000002e-02, 1.000001e-01, 6.272742e+00, 0.000000e+00, 2.243995e-01, 0.000000e+00, 3.822806e+01
5.000003e-02, 1.000001e-01, 6.272333e+00, 0.000000e+00, 2.243995e-01, 0.000000e+00, 3.972720e+01
5.000003e-02, 1.000001e-01, 6.271924e+00, 0.000000e+00, 2.243995e-01, 0.000000e+00, 4.122634e+01
5.000003e-02, 1.000001e-01, 6.271515e+00, 0.000000e+00, 2.243995e-01, 0.000000e+00, 4.272548e+01
5.000003e-02, 1.000001e-01, 6.271106e+00, 0.000000e+00, 2.243995e-01, 0.000000e+00, 4.422462e+01
5.000003e-02, 1.000001e-01, 6.270697e+00, 0.000000e+00, 2.243995e-01, 0.000000e+00, 4.572376e+01
5.000003e-02, 1.000001e-01, 6.270289e+00, 0.000000e+00, 2.243995e-01, 0.000000e+00, 4.722290e+01
5.000003e-02, 1.000001e-01, 6.269880e+00, 0.000000e+00, 2.243995e-01, 0.000000e+00, 4.872203e+01
5.000003e-02, 1.000001e-01, 6.269471e+00, 0.000000e+00, 2.243995e-01, 0.000000e+00, 5.022117e+01
5.000003e-02, 1.000001e-01, 6.269062e+00, 0.000000e+00, 2.243995e-01, 0.000000e+00, 5.172031e+01
5.000003e-02, 1.000001e-01, 6.268653e+00, 0.000000e+00, 2.243995e-01, 0.000000e+00, 5.321945e+01
5.000004e-02, 1.000001e-01, 6.268245e+00, 0.000000e+00, 2.243995e-01, 0.000000e+00, 5.471859e+01
5.000004e-02, 1.000001e-01, 6.267836e+00, 0.000000e+00, 2.243995e-01, 0.000000e+00, 5.621773e+01
5.000004e-02, 1.000002e-01, 6.267427e+00, 0.000000e+00, 2.243995e-01, 0.000000e+00, 5.771687e+01
5.000004e-02, 1.000002e-01, 6.266815e+00, 0.000000e+00, 2.243995e-01, 0.000000e+00, 5.996558e+01
5.000004e-02, 1.000002e-01, 6.266202e+00, 0.000000e+00, 2.243995e-01, 0.000000e+00, 6.221429e+01
5.000004e-02, 1.000002e-01, 6.265589e+00, 0.000000e+00, 2.243995e-01, 0.000000e+00, 6.446300e+01
5.000004e-02, 1.000002e-01, 6.264976e+00, 0.000000e+00, 2.243995e-01, 0.000000e+00, 6.671171e+01
5.000004e-02, 1.000002e-01, 6.264364e+00, 0.000000e+00, 2.243995e-01, 0.000000e+00, 6.896042e+01
5.000005e-02, 1.000002e-01, 6.263751e+00, 0.000000e+00, 2.243995e-01, 0.000000e+00, 7.120913e+01
5.000005e-02, 1.000002e-01, 6.263139e+00, 0.000000e+00, 2.243995e-01, 0.000000e+00, 7.345784e+01
5.000005e-02, 1.000002e-01, 6.262527e+00, 0.000000e+00, 2.243995e-01, 0.000000e+00, 7.570655e+01
5.000005e-02, 1.000002e-01, 6.261914e+00, 0.000000e+00, 2.243995e-01, 0.000000e+00, 7.795526e+01
5.000005e-02, 1.000002e-01, 6.261302e+00, 0.000000e+00, 2.243995e-01, 0.000000e+00, 8.020396e+01
5.000005e-02, 1.000002e-01, 6.260690e+00, 0.000000e+00, 2.243995e-01, 0.000000e+00, 8.245267e+01
5.000005e-02, 1.000002e-01, 6.260078e+00, 0.000000e+00, 2.243995e-01, 0.000000e+00, 8.470138e+01
5.000006e-02, 1.000002e-01, 6.259466e+00, 0.000000e+00, 2.243995e-01, 0.000000e+00, 8.695009e+01
5.000006e-02, 1.000002e-01, 6.258651e+00, 0.000000e+00, 2.243995e-01, 0.000000e+00, 8.994837e+01
5.000006e-02, 1.000002e-01, 6.257835e+00, 0.000000e+00, 2.243995e-01, 0.000000e+00, 9.294665e+01
5.000006e-02, 1.000003e-01, 6.257020e+00, 0.000000e+00, 2.243995e-01, 0.000000e+00, 9.594493e+01
5.000006e-02, 1.000003e-01, 6.256204e+00, 0.000000e+00, 2.243995e-01, 0.000000e+00, 9.894321e+01
5.000007e-02, 1.000003e-01, 6.255389e+00, 0.000000e+00, 2.243995e-01, 0.000000e+00, 1.019415e+02
5.000007e-02, 1.000003e-01, 6.254574e+00, 0.000000e+00, 2.243995e-01, 0.000000e+00, 1.049398e+02
5.000007e-02, 1.000003e-01, 6.253759e+00, 0.000000e+00, 2.243995e-01, 0.000000e+00, 1.079380e+02
5.000007e-02, 1.000003e-01, 6.252944e+00, 0.000000e+00, 2.243995e-01, 0.000000e+00, 1.109363e+02
5.000007e-02, 1.000003e-01, 6.252130e+00, 0.000000e+00, 2.243995e-01, 0.000000e+00, 1.139346e+02
5.000007e-02, 1.000003e-01, 6.251315e+00, 0.000000e+00, 2.243995e-01, 0.000000e+00, 1.169329e+02
5.000008e-02, 1.000003e-01, 6.250297e+00, 0.000000e+00, 2.243995e-01, 0.000000e+00, 1.206807e+02
5.000008e-02, 1.000003e-01, 6.249280e+00, 0.000000e+00, 2.243995e-01, 0.000000e+00, 1.244286e+02
5.000008e-02, 1.000003e-01, 6.248262e+00, 0.000000e+00, 2.243995e-01, 0.000000e+00, 1.281764e+02
5.000008e-02, 1.000003e-01, 6.247245e+00, 0.000000e+00, 2.243995e-01, 0.000000e+00, 1.319243e+02
5.000009e-02, 1.000004e-01, 6.246228e+00, 0.000000e+00, 2.243995e-01, 0.000000e+00, 1.356721e+02
5.000009e-02, 1.000004e-01, 6.245211e+00, 0.000000e+00, 2.243995e-01, 0.000000e+00, 1.394200e+02
5.000009e-02, 1.000004e-01, 6.244195e+00, 0.000000e+00, 2.243995e-01, 0.000000e+00, 1.431678e+02
5.000009e-02, 1.000004e-01, 6.243178e+00, 0.000000e+00, 2.243995e-01, 0.000000e+00, 1.469157e+02
5.000010e-02, 1.000004e-01, 6.241959e+00, 0.000000e+00, 2.243995e-01, 0.000000e+00, 1.514131e+02
5.000010e-02, 1.000004e-01, 6.240740e+00, 0.000000e+00, 2.243995e-01, 0.000000e+00, 1.559105e+02
5.000010e-02, 1.000004e-01, 6.239521e+00, 0.000000e+00, 2.243995e-01, 0.000000e+00, 1.604079e+02
5.000011e-02, 1.000004e-01, 6.238303e+00, 0.000000e+00, 2.243995e-01, 0.000000e+00, 1.649053e+02
5.000011e-02, 1.000004e-01, 6.237085e+00, 0.000000e+00, 2.243995e-01, 0.000000e+00, 1.694028e+02
5.000011e-02, 1.000005e-01, 6.235867e+00, 0.000000e+00, 2.243995e-01, 0.000000e+00, 1.739002e+02
5.000011e-02, 1.000005e-01, 6.234447e+00, 0.000000e+00, 2.243995e-01, 0.000000e+00, 1.791472e+02
5.000012e-02, 1.000005e-01, 6.233027e+00, 0.000000e+00, 2.243995e-01, 0.000000e+00, 1.843942e+02
5.000012e-02, 1.000005e-01, 6.231608e+00, 0.000000e+00, 2.243995e-01, 0.000000e+00, 1.896412e+02
5.000012e-02, 1.000005e-01, 6.230189e+00, 0.000000e+00, 2.243995e-01, 0.000000e+00, 1.948881e+02
5.000013e-02, 1.000005e-01, 6.228771e+00, 0.000000e+00, 2.243995e-01, 0.000000e+00, 2.001351e+02
5.000013e-02, 1.000005e-01, 6.227352e+00, 0.000000e+00, 2.243995e-01, 0.000000e+00, 2.053821e+02
5.000014e-02, 1.000006e-01, 6.225732e+00, 0.000000e+00, 2.243995e-01, 0.000000e+00, 2.113787e+02
5.000014e-02, 1.000006e-01, 6.224113e+00, 0.000000e+00, 2.243995e-01, 0.000000e+00, 2.173752e+02
5.000014e-02, 1.000006e-01, 6.222494e+00, 0.000000e+00, 2.243995e-01, 0.000000e+00, 2.233718e+02
5.000015e-02, 1.000006e-01, 6.220875e+00, 0.000000e+00, 2.243995e-01, 0.000000e+00, 2.293683e+02
5.000015e-02, 1.000006e-01, 6.219257e+00, 0.000000e+00, 2.243995e-01, 0.000000e+00, 2.353649e+02
5.000015e-02, 1.000006e-01, 6.217438e+00, 0.000000e+00, 2.243995e-01, 0.000000e+00, 2.421110e+02
5.000016e-02, 1.000006e-01, 6.215619e+00, 0.000000e+00, 2.243995e-01, 0.000000e+00, 2.488572e+02
5.000016e-02, 1.000007e-01, 6.213801e+00, 0.000000e+00, 2.243995e-01, 0.000000e+00, 2.556033e+02
5.000017e-02, 1.000007e-01, 6.211984e+00, 0.000000e+00, 2.243995e-01, 0.000000e+00, 2.623494e+02
5.000017e-02, 1.000007e-01, 6.209966e+00, 0.000000e+00, 2.243995e-01, 0.000000e+00, 2.698451e+02
5.000018e-02, 1.000007e-01, 6.207948e+00, 0.000000e+00, 2.243995e-01, 0.000000e+00, 2.773408e+02
5.000018e-02, 1.000007e-01, 6.205932e+00, 0.000000e+00, 2.243995e-01, 0.000000e+00, 2.848365e+02
5.000019e-02, 1.000008e-01, 6.203916e+00, 0.000000e+00, 2.243995e-01, 0.000000e+00, 2.923322e+02
5.000019e-02, 1.000008e-01, 6.201700e+00, 0.000000e+00, 2.243995e-01, 0.000000e+00, 3.005775e+02
5.000020e-02, 1.000008e-01, 6.199485e+00, 0.000000e+00, 2.243995e-01, 0.000000e+00, 3.088227e+02
5.000020e-02, 1.000008e-01, 6.197270e+00, 0.000000e+00, 2.243995e-01, 0.000000e+00, 3.170680e+02
5.000021e-02, 1.000008e-01, 6.195057e+00, 0.000000e+00, 2.243995e-01, 0.000000e+00, 3.253133e+02
5.000021e-02, 1.000009e-01, 6.192644e+00, 0.000000e+00, 2.243995e-01, 0.000000e+00, 3.343081e+02
5.000022e-02, 1.000009e-01, 6.190233e+00, 0.000000e+00, 2.243995e-01, 0.000000e+00, 3.433030e+02
5.000022e-02, 1.000009e-01, 6.187822e+00, 0.000000e+00, 2.243995e-01, 0.000000e+00, 3.522978e+02
5.000023e-02, 1.000009e-01, 6.185212e+00, 0.000000e+00, 2.243995e-01, 0.000000e+00, 3.620422e+02
5.000024e-02, 1.000010e-01, 6.182604e+00, 0.000000e+00, 2.243995e-01, 0.000000e+00, 3.717866e+02
5.000024e-02, 1.000010e-01, 6.179997e+00, 0.000000e+00, 2.243995e-01, 0.000000e+00, 3.815310e+02
5.000025e-02, 1.000010e-01, 6.177191e+00, 0.000000e+00, 2.243995e-01, 0.000000e+00, 3.920250e+02
5.000026e-02, 1.000010e-01, 6.174387e+00, 0.000000e+00, 2.243995e-01, 0.000000e+00, 4.025190e+02
5.000026e-02, 1.000011e-01, 6.171584e+00, 0.000000e+00, 2.243995e-01, 0.000000e+00, 4.130129e+02
5.000027e-02, 1.000011e-01, 6.168584e+00, 0.000000e+00, 2.243995e-01, 0.000000e+00, 4.242565e+02
5.000028e-02, 1.000011e-01, 6.165585e+00, 0.000000e+00, 2.243995e-01, 0.000000e+00, 4.355000e+02
5.000028e-02, 1.000012e-01, 6.162388e+00, 0.000000e+00, 2.243995e-01, 0.000000e+00, 4.474931e+02
5.000029e-02, 1.000012e-01, 6.159194e+00, 0.000000e+00, 2.243995e-01, 0.000000e+00, 4.594863e+02
5.000030e-02, 1.000012e-01, 6.156002e+00, 0.000000e+00, 2.243995e-01, 0.000000e+00, 4.714794e+02
5.000031e-02, 1.000012e-01, 6.152613e+00, 0.000000e+00, 2.243995e-01, 0.000000e+00, 4.842221e+02
5.000031e-02, 1.000013e-01, 6.149227e+00, 0.000000e+00, 2.243995e-01, 0.000000e+00, 4.969648e+02
5.000032e-02, 1.000013e-01, 6.145644e+00, 0.000000e+00, 2.243995e-01, 0.000000e+00, 5.104570e+02
5.000033e-02, 1.000013e-01, 6.142063e+00, 0.000000e+00, 2.243995e-01, 0.000000e+00, 5.239493e+02
5.000034e-02, 1.000014e-01, 6.138287e+00, 0.000000e+00, 2.243995e-01, 0.000000e+00, 5.381911e+02
5.000035e-02, 1.000014e-01, 6.134514e+00, 0.000000e+00, 2.243995e-01, 0.000000e+00, 5.524329e+02
5.000036e-02, 1.000015e-01, 6.130546e+00, 0.000000e+00, 2.243995e-01, 0.000000e+00, 5.674243e+02
5.000037e-02, 1.000015e-01, 6.126582e+00, 0.000000e+00, 2.243995e-01, 0.000000e+00, 5.824157e+02
5.000038e-02, 1.000015e-01, 6.122423e+00, 0.000000e+00, 2.243995e-01, 0.000000e+00, 5.981567e+02
5.000039e-02, 1.000016e-01, 6.118267e+00, 0.000000e+00, 2.243995e-01, 0.000000e+00, 6.138976e+02
5.000040e-02, 1.000016e-01, 6.113918e+00, 0.000000e+00, 2.243995e-01, 0.000000e+00, 6.303882e+02
5.000041e-02, 1.000017e-01, 6.109573e+00, 0.000000e+00, 2.243995e-01, 0.000000e+00, 6.468787e+02
5.000042e-02, 1.000017e-01, 6.105035e+00, 0.000000e+00, 2.243995e-01, 0.000000e+00, 6.641188e+02
5.000043e-02, 1.000017e-01, 6.100305e+00, 0.000000e+00, 2.243995e-01, 0.000000e+00, 6.821085e+02
5.000044e-02, 1.000018e-01, 6.095580e+00, 0.000000e+00, 2.243995e-01, 0.000000e+00, 7.000982e+02
5.000045e-02, 1.000018e-01, 6.090663e+00, 0.000000e+00, 2.243995e-01, 0.000000e+00, 7.188374e+02
5.000046e-02, 1.000019e-01, 6.085751e+00, 0.000000e+00, 2.243995e-01, 0.000000e+00, 7.375766e+02
5.000048e-02, 1.000019e-01, 6.080649e+00, 0.000000e+00, 2.243995e-01, 0.000000e+00, 7.570655e+02
5.000049e-02, 1.000020e-01, 6.075356e+00, 0.000000e+00, 2.243995e-01, 0.000000e+00, 7.773038e+02
5.000050e-02, 1.000020e-01, 6.070070e+00, 0.000000e+00, 2.243995e-01, 0.000000e+00, 7.975422e+02
5.000051e-02, 1.000021e-01, 6.064594e+00, 0.000000e+00, 2.243995e-01, 0.000000e+00, 8.185302e+02
5.000053e-02, 1.000021e-01, 6.058930e+00, 0.000000e+00, 2.243995e-01, 0.000000e+00, 8.402677e+02
5.000054e-02, 1.000022e-01, 6.053079e+00, 0.000000e+00, 2.243995e-01, 0.000000e+00, 8.627548e+02
5.000055e-02, 1.000022e-01, 6.047235e+00, 0.000000e+00, 2.243995e-01, 0.000000e+00, 8.852419e+02
5.000057e-02, 1.000023e-01, 6.041204e+00, 0.000000e+00, 2.243995e-01, 0.000000e+00, 9.084786e+02
5.000058e-02, 1.000024e-01, 6.034987e+00, 0.000000e+00, 2.243995e-01, 0.000000e+00, 9.324648e+02
5.000060e-02, 1.000024e-01, 6.028585e+00, 0.000000e+00, 2.243995e-01, 0.000000e+00, 9.572006e+02
5.000061e-02, 1.000025e-01, 6.021999e+00, 0.000000e+00, 2.243995e-01, 0.000000e+00, 9.826860e+02
5.000063e-02, 1.000026e-01, 6.015229e+00, 0.000000e+00, 2.243995e-01, 0.000000e+00, 1.008921e+03
5.000065e-02, 1.000026e-01, 6.008470e+00, 0.000000e+00, 2.243995e-01, 0.000000e+00, 1.035156e+03
5.000066e-02, 1.000027e-01, 6.001528e+00, 0.000000e+00, 2.243995e-01, 0.000000e+00, 1.062140e+03
5.000068e-02, 1.000027e-01, 5.994405e+00, 0.000000e+00, 2.243995e-01, 0.000000e+00, 1.089874e+03
5.000070e-02, 1.000028e-01, 5.987101e+00, 0.000000e+00, 2.243995e-01, 0.000000e+00, 1.118358e+03
5.000071e-02, 1.000029e-01, 5.979618e+00, 0.000000e+00, 2.243995e-01, 0.000000e+00, 1.147591e+03
5.000073e-02, 1.000030e-01, 5.971956e+00, 0.000000e+00, 2.243995e-01, 0.000000e+00, 1.177574e+03
5.000075e-02, 1.000030e-01, 5.964116e+00, 0.000000e+00, 2.243995e-01, 0.000000e+00, 1.208306e+03
5.000077e-02, 1.000031e-01, 5.956100e+00, 0.000000e+00, 2.243995e-01, 0.000000e+00, 1.239788e+03
5.000079e-02, 1.000032e-01, 5.947908e+00, 0.000000e+00, 2.243995e-01, 0.000000e+00, 1.272020e+03
5.000081e-02, 1.000033e-01, 5.939352e+00, 0.000000e+00, 2.243995e-01, 0.000000e+00, 1.305751e+03
5.000083e-02, 1.000033e-01, 5.930622e+00, 0.000000e+00, 2.243995e-01, 0.000000e+00, 1.340231e+03
5.000085e-02, 1.000034e-01, 5.921722e+00, 0.000000e+00, 2.243995e-01, 0.000000e+00, 1.375461e+03
5.000087e-02, 1.000035e-01, 5.912650e+00, 0.000000e+00, 2.243995e-01, 0.000000e+00, 1.411440e+03
5.000089e-02, 1.000036e-01, 5.903409e+00, 0.000000e+00, 2.243995e-01, 0.000000e+00, 1.448169e+03
5.000091e-02, 1.000037e-01, 5.893813e+00, 0.000000e+00, 2.243995e-01, 0.000000e+00, 1.486397e+03
5.000094e-02, 1.000038e-01, 5.884050e+00, 0.000000e+00, 2.243995e-01, 0.000000e+00, 1.525374e+03
5.000096e-02, 1.000039e-01, 5.874122e+00, 0.000000e+00, 2.243995e-01, 0.000000e+00, 1.565102e+03
5.000098e-02, 1.000040e-01, 5.863843e+00, 0.000000e+00, 2.243995e-01, 0.000000e+00, 1.606328e+03
5.000101e-02, 1.000041e-01, 5.853403e+00, 0.000000e+00, 2.243995e-01, 0.000000e+00, 1.648304e+03
5.000103e-02, 1.000042e-01, 5.842618e+00, 0.000000e+00, 2.243995e-01, 0.000000e+00, 1.691779e+03
5.000106e-02, 1.000043e-01, 5.831674e+00, 0.000000e+00, 2.243995e-01, 0.000000e+00, 1.736004e+03
5.000109e-02, 1.000044e-01, 5.820389e+00, 0.000000e+00, 2.243995e-01, 0.000000e+00, 1.781727e+03
5.000111e-02, 1.000045e-01, 5.808950e+00, 0.000000e+00, 2.243995e-01, 0.000000e+00, 1.828201e+03
5.000114e-02, 1.000046e-01, 5.797174e+00, 0.000000e+00, 2.243995e-01, 0.000000e+00, 1.876173e+03
5.000117e-02, 1.000047e-01, 5.785065e+00, 0.000000e+00, 2.243995e-01, 0.000000e+00, 1.925645e+03
5.000120e-02, 1.000048e-01, 5.772808e+00, 0.000000e+00, 2.243995e-01, 0.000000e+00, 1.975866e+03
5.000123e-02, 1.000049e-01, 5.760222e+00, 0.000000e+00, 2.243995e-01, 0.000000e+00, 2.027586e+03
5.000126e-02, 1.000051e-01, 5.747311e+00, 0.000000e+00, 2.243995e-01, 0.000000e+00, 2.080806e+03
5.000129e-02, 1.000052e-01, 5.734079e+00, 0.000000e+00, 2.243995e-01, 0.000000e+00, 2.135524e+03
5.000132e-02, 1.000053e-01, 5.720528e+00, 0.000000e+00, 2.243995e-01, 0.000000e+00, 2.191742e+03
5.000135e-02, 1.000054e-01, 5.706841e+00, 0.000000e+00, 2.243995e-01, 0.000000e+00, 2.248709e+03
5.000139e-02, 1.000056e-01, 5.692841e+00, 0.000000e+00, 2.243995e-01, 0.000000e+00, 2.307176e+03
5.000142e-02, 1.000057e-01, 5.678532e+00, 0.000000e+00, 2.243995e-01, 0.000000e+00, 2.367141e+03
5.000145e-02, 1.000058e-01, 5.663739e+00, 0.000000e+00, 2.243995e-01, 0.000000e+00, 2.429356e+03
5.000149e-02, 1.000060e-01, 5.648645e+00, 0.000000e+00, 2.243995e-01, 0.000000e+00, 2.493069e+03
5.000152e-02, 1.000061e-01, 5.633254e+00, 0.000000e+00, 2.243995e-01, 0.000000e+00, 2.558282e+03
5.000156e-02, 1.000062e-01, 5.617570e+00, 0.000000e+00, 2.243995e-01, 0.000000e+00, 2.624993e+03
5.000160e-02, 1.000064e-01, 5.601596e+00, 0.000000e+00, 2.243995e-01, 0.000000e+00, 2.693204e+03
5.000164e-02, 1.000065e-01, 5.585163e+00, 0.000000e+00, 2.243995e-01, 0.000000e+00, 2.763664e+03
5.000168e-02, 1.000067e-01, 5.568449e+00, 0.000000e+00, 2.243995e-01, 0.000000e+00, 2.835622e+03
5.000172e-02, 1.000069e-01, 5.551286e+00, 0.000000e+00, 2.243995e-01, 0.000000e+00, 2.909830e+03
5.000176e-02, 1.000070e-01, 5.533852e+00, 0.000000e+00, 2.243995e-01, 0.000000e+00, 2.985536e+03
5.000180e-02, 1.000072e-01, 5.515982e+00, 0.000000e+00, 2.243995e-01, 0.000000e+00, 3.063492e+03
5.000184e-02, 1.000073e-01, 5.497680e+00, 0.000000e+00, 2.243995e-01, 0.000000e+00, 3.143696e+03
5.000189e-02, 1.000075e-01, 5.479124e+00, 0.000000e+00, 2.243995e-01, 0.000000e+00, 3.225399e+03
5.000193e-02, 1.000077e-01, 5.460149e+00, 0.000000e+00, 2.243995e-01, 0.000000e+00, 3.309351e+03
5.000198e-02, 1.000079e-01, 5.440763e+00, 0.000000e+00, 2.243995e-01, 0.000000e+00, 3.395551e+03
5.000202e-02, 1.000080e-01, 5.420971e+00, 0.000000e+00, 2.243995e-01, 0.000000e+00, 3.484000e+03
5.000207e-02, 1.000082e-01, 5.400783e+00, 0.000000e+00, 2.243995e-01, 0.000000e+00, 3.574698e+03
5.000212e-02, 1.000084e-01, 5.380204e+00, 0.000000e+00, 2.243995e-01, 0.000000e+00, 3.667645e+03
5.000217e-02, 1.000086e-01, 5.359078e+00, 0.000000e+00, 2.243995e-01, 0.000000e+00, 3.763590e+03
5.000222e-02, 1.000088e-01, 5.337579e+00, 0.000000e+00, 2.243995e-01, 0.000000e+00, 3.861783e+03
5.000227e-02, 1.000090e-01, 5.315715e+00, 0.000000e+00, 2.243995e-01, 0.000000e+00, 3.962226e+03
5.000232e-02, 1.000092e-01, 5.293331e+00, 0.000000e+00, 2.243995e-01, 0.000000e+00, 4.065666e+03
5.000237e-02, 1.000094e-01, 5.270600e+00, 0.000000e+00, 2.243995e-01, 0.000000e+00, 4.171356e+03
5.000243e-02, 1.000096e-01, 5.247370e+00, 0.000000e+00, 2.243995e-01, 0.000000e+00, 4.280043e+03
5.000248e-02, 1.000098e-01, 5.223652e+00, 0.000000e+00, 2.243995e-01, 0.000000e+00, 4.391729e+03
5.000254e-02, 1.000100e-01, 5.199457e+00, 0.000000e+00, 2.243995e-01, 0.000000e+00, 4.506413e+03
5.000260e-02, 1.000102e-01, 5.174798e+00, 0.000000e+00, 2.243995e-01, 0.000000e+00, 4.624096e+03
5.000266e-02, 1.000104e-01, 5.149685e+00, 0.000000e+00, 2.243995e-01, 0.000000e+00, 4.744777e+03
5.000271e-02, 1.000107e-01, 5.124131e+00, 0.000000e+00, 2.243995e-01, 0.000000e+00, 4.868456e+03
5.000278e-02, 1.000109e-01, 5.098148e+00, 0.000000e+00, 2.243995e-01, 0.000000e+00, 4.995133e+03
5.000284e-02, 1.000111e-01, 5.071596e+00, 0.000000e+00, 2.243995e-01, 0.000000e+00, 5.125558e+03
5.000290e-02, 1.000113e-01, 5.044642e+00, 0.000000e+00, 2.243995e-01, 0.000000e+00, 5.258981e+03
5.000296e-02, 1.000116e-01, 5.017148e+00, 0.000000e+00, 2.243995e-01, 0.000000e+00, 5.396153e+03
5.000303e-02, 1.000118e-01, 4.989280e+00, 0.000000e+00, 2.243995e-01, 0.000000e+00, 5.536322e+03
5.000310e-02, 1.000121e-01, 4.960902e+00, 0.000000e+00, 2.243995e-01, 0.000000e+00, 5.680240e+03
5.000316e-02, 1.000123e-01, 4.932032e+00, 0.000000e+00, 2.243995e-01, 0.000000e+00, 5.827905e+03
5.000323e-02, 1.000126e-01, 4.902687e+00, 0.000000e+00, 2.243995e-01, 0.000000e+00, 5.979318e+03
5.000330e-02, 1.000128e-01, 4.872739e+00, 0.000000e+00, 2.243995e-01, 0.000000e+00, 6.135229e+03
5.000337e-02, 1.000131e-01, 4.842352e+00, 0.000000e+00, 2.243995e-01, 0.000000e+00, 6.294887e+03
5.000344e-02, 1.000133e-01, 4.811403e+00, 0.000000e+00, 2.243995e-01, 0.000000e+00, 6.459043e+03
5.000352e-02, 1.000136e-01, 4.780052e+00, 0.000000e+00, 2.243995e-01, 0.000000e+00, 6.626946e+03
5.000359e-02, 1.000139e-01, 4.748179e+00, 0.000000e+00, 2.243995e-01, 0.000000e+00, 6.799347e+03
5.000367e-02, 1.000141e-01, 4.715805e+00, 0.000000e+00, 2.243995e-01, 0.000000e+00, 6.976246e+03
5.000374e-02, 1.000144e-01, 4.682954e+00, 0.000000e+00, 2.243995e-01, 0.000000e+00, 7.157642e+03
5.000382e-02, 1.000147e-01, 4.649513e+00, 0.000000e+00, 2.243995e-01, 0.000000e+00, 7.344285e+03
5.000390e-02, 1.000149e-01, 4.615642e+00, 0.000000e+00, 2.243995e-01, 0.000000e+00, 7.535425e+03
5.000398e-02, 1.000152e-01, 4.581231e+00, 0.000000e+00, 2.243995e-01, 0.000000e+00, 7.731812e+03
5.000406e-02, 1.000155e-01, 4.546438e+00, 0.000000e+00, 2.243995e-01, 0.000000e+00, 7.932697e+03
5.000414e-02, 1.000158e-01, 4.511157e+00, 0.000000e+00, 2.243995e-01, 0.000000e+00, 8.138829e+03
5.000422e-02, 1.000161e-01, 4.475289e+00, 0.000000e+00, 2.243995e-01, 0.000000e+00, 8.350957e+03
5.000431e-02, 1.000163e-01, 4.438992e+00, 0.000000e+00, 2.243995e-01, 0.000000e+00, 8.568332e+03
5.000439e-02, 1.000166e-01, 4.402292e+00, 0.000000e+00, 2.243995e-01, 0.000000e+00, 8.790954e+03
5.000448e-02, 1.000169e-01, 4.365096e+00, 0.000000e+00, 2.243995e-01, 0.000000e+00, 9.019573e+03
5.000457e-02, 1.000172e-01, 4.327436e+00, 0.000000e+00, 2.243995e-01, 0.000000e+00, 9.254188e+03
5.000465e-02, 1.000175e-01, 4.289345e+00, 0.000000e+00, 2.243995e-01, 0.000000e+00, 9.494800e+03
5.000474e-02, 1.000178e-01, 4.250739e+00, 0.000000e+00, 2.243995e-01, 0.000000e+00, 9.742158e+03
5.000483e-02, 1.000181e-01, 4.211770e+00, 0.000000e+00, 2.243995e-01, 0.000000e+00, 9.995513e+03
5.000492e-02, 1.000184e-01, 4.172357e+00, 0.000000e+00, 2.243995e-01, 0.000000e+00, 1.025561e+04
5.000502e-02, 1.000187e-01, 4.132538e+00, 0.000000e+00, 2.243995e-01, 0.000000e+00, 1.052246e+04
5.000511e-02, 1.000189e-01, 4.092351e+00, 0.000000e+00, 2.243996e-01, 0.000000e+00, 1.079605e+04
5.000520e-02, 1.000192e-01, 4.051724e+00, 0.000000e+00, 2.243996e-01, 0.000000e+00, 1.107714e+04
5.000530e-02, 1.000195e-01, 4.010807e+00, 0.000000e+00, 2.243996e-01, 0.000000e+00, 1.136498e+04
5.000539e-02, 1.000198e-01, 3.969531e+00, 0.000000e+00, 2.243996e-01, 0.000000e+00, 1.166031e+04
5.000549e-02, 1.000201e-01, 3.927837e+00, 0.000000e+00, 2.243996e-01, 0.000000e+00, 1.196388e+04
5.000558e-02, 1.000204e-01, 3.885871e+00, 0.000000e+00, 2.243996e-01, 0.000000e+00, 1.227495e+04
5.000568e-02, 1.000207e-01, 3.843578e+00, 0.000000e+00, 2.243996e-01, 0.000000e+00, 1.259427e+04
5.000578e-02, 1.000210e-01, 3.801002e+00, 0.000000e+00, 2.243996e-01, 0.000000e+00, 1.292183e+04
5.000588e-02, 1.000212e-01, 3.758190e+00, 0.000000e+00, 2.243996e-01, 0.000000e+00, 1.325764e+04
5.000597e-02, 1.000215e-01, 3.715095e+00, 0.000000e+00, 2.243996e-01, 0.000000e+00, 1.360244e+04
5.000607e-02, 1.000218e-01, 3.671766e+00, 0.000000e+00, 2.243996e-01, 0.000000e+00, 1.395624e+04
5.000617e-02, 1.000220e-01, 3.628253e+00, 0.000000e+00, 2.243996e-01, 0.000000e+00, 1.431903e+04
5.000627e-02, 1.000223e-01, 3.584519e+00, 0.000000e+00, 2.243996e-01, 0.000000e+00, 1.469157e+04
5.000637e-02, 1.000225e-01, 3.540617e+00, 0.000000e+00, 2.243996e-01, 0.000000e+00, 1.507385e+04
5.000647e-02, 1.000228e-01, 3.496599e+00, 0.000000e+00, 2.243996e-01, 0.000000e+00, 1.546587e+04
5.000657e-02, 1.000230e-01, 3.452519e+00, 0.000000e+00, 2.243996e-01, 0.000000e+00, 1.586764e+04
5.000667e-02, 1.000233e-01, 3.408348e+00, 0.000000e+00, 2.243996e-01, 0.000000e+00, 1.627991e+04
5.000677e-02, 1.000235e-01, 3.364063e+00, 0.000000e+00, 2.243996e-01, 0.000000e+00, 1.670341e+04
5.000687e-02, 1.000237e-01, 3.319800e+00, 0.000000e+00, 2.243996e-01, 0.000000e+00, 1.713741e+04
5.000697e-02, 1.000239e-01, 3.275539e+00, 0.000000e+00, 2.243996e-01, 0.000000e+00, 1.758266e+04
5.000707e-02, 1.000241e-01, 3.231265e+00, 0.000000e+00, 2.243996e-01, 0.000000e+00, 1.803990e+04
5.000717e-02, 1.000243e-01, 3.187039e+00, 0.000000e+00, 2.243996e-01, 0.000000e+00, 1.850913e+04
5.000727e-02, 1.000245e-01, 3.142921e+00, 0.000000e+00, 2.243996e-01, 0.000000e+00, 1.899035e+04
5.000737e-02, 1.000247e-01, 3.098903e+00, 0.000000e+00, 2.243996e-01, 0.000000e+00, 1.948432e+04
5.000747e-02, 1.000249e-01, 3.055046e+00, 0.000000e+00, 2.243996e-01, 0.000000e+00, 1.999103e+04
5.000756e-02, 1.000250e-01, 3.011411e+00, 0.000000e+00, 2.243996e-01, 0.000000e+00, 2.051048e+04
5.000766e-02, 1.000251e-01, 2.967993e+00, 0.000000e+00, 2.243996e-01, 0.000000e+00, 2.104342e+04
5.000776e-02, 1.000253e-01, 2.924795e+00, 0.000000e+00, 2.243996e-01, 0.000000e+00, 2.159061e+04
5.000785e-02, 1.000254e-01, 2.881881e+00, 0.000000e+00, 2.243996e-01, 0.000000e+00, 2.215204e+04
5.000795e-02, 1.000255e-01, 2.839311e+00, 0.000000e+00, 2.243996e-01, 0.000000e+00, 2.272770e+04
5.000804e-02, 1.000255e-01, 2.797091e+00, 0.000000e+00, 2.243996e-01, 0.000000e+00, 2.331837e+04
5.000813e-02, 1.000256e-01, 2.755231e+00, 0.000000e+00, 2.243996e-01, 0.000000e+00, 2.392477e+04
5.000822e-02, 1.000256e-01, 2.713794e+00, 0.000000e+00, 2.243996e-01, 0.000000e+00, 2.454691e+04
5.000831e-02, 1.000257e-01, 2.672839e+00, 0.000000e+00, 2.243997e-01, 0.000000e+00, 2.518479e+04
5.000840e-02, 1.000257e-01, 2.632376e+00, 0.000000e+00, 2.243997e-01, 0.000000e+00, 2.583917e+04
5.000848e-02, 1.000257e-01, 2.592420e+00, 0.000000e+00, 2.243997e-01, 0.000000e+00, 2.651078e+04
5.000857e-02, 1.000256e-01, 2.553030e+00, 0.000000e+00, 2.243997e-01, 0.000000e+00, 2.719964e+04
5.000865e-02, 1.000256e-01, 2.514221e+00, 0.000000e+00, 2.243997e-01, 0.000000e+00, 2.790648e+04
5.000873e-02, 1.000255e-01, 2.476010e+00, 0.000000e+00, 2.243997e-01, 0.000000e+00, 2.863207e+04
5.000881e-02, 1.000254e-01, 2.438454e+00, 0.000000e+00, 2.243997e-01, 0.000000e+00, 2.937639e+04
5.000889e-02, 1.000253e-01, 2.401606e+00, 0.000000e+00, 2.243997e-01, 0.000000e+00, 3.013945e+04
5.000896e-02, 1.000252e-01, 2.365445e+00, 0.000000e+00, 2.243997e-01, 0.000000e+00, 3.092275e+04
5.000904e-02, 1.000250e-01, 2.330025e+00, 0.000000e+00, 2.243997e-01, 0.000000e+00, 3.172629e+04
5.000911e-02, 1.000248e-01, 2.295362e+00, 0.000000e+00, 2.243997e-01, 0.000000e+00, 3.255082e+04
5.000918e-02, 1.000246e-01, 2.261503e+00, 0.000000e+00, 2.243997e-01, 0.000000e+00, 3.339633e+04
5.000925e-02, 1.000243e-01, 2.228435e+00, 0.000000e+00, 2.243997e-01, 0.000000e+00, 3.426433e+04
5.000931e-02, 1.000241e-01, 2.196204e+00, 0.000000e+00, 2.243997e-01, 0.000000e+00, 3.515482e+04
5.000937e-02, 1.000238e-01, 2.164823e+00, 0.000000e+00, 2.243997e-01, 0.000000e+00, 3.606855e+04
5.000943e-02, 1.000234e-01, 2.134331e+00, 0.000000e+00, 2.243997e-01, 0.000000e+00, 3.700551e+04
5.000949e-02, 1.000231e-01, 2.104718e+00, 0.000000e+00, 2.243997e-01, 0.000000e+00, 3.796721e+04
5.000954e-02, 1.000227e-01, 2.076017e+00, 0.000000e+00, 2.243997e-01, 0.000000e+00, 3.895364e+04
5.000959e-02, 1.000223e-01, 2.048238e+00, 0.000000e+00, 2.243998e-01, 0.000000e+00, 3.996556e+04
5.000964e-02, 1.000218e-01, 2.021390e+00, 0.000000e+00, 2.243998e-01, 0.000000e+00, 4.100371e+04
5.000969e-02, 1.000214e-01, 1.995479e+00, 0.000000e+00, 2.243998e-01, 0.000000e+00, 4.206885e+04
5.000973e-02, 1.000208e-01, 1.970513e+00, 0.000000e+00, 2.243998e-01, 0.000000e+00, 4.316173e+04
5.000978e-02, 1.000203e-01, 1.946494e+00, 0.000000e+00, 2.243998e-01, 0.000000e+00, 4.428308e+04
5.000981e-02, 1.000197e-01, 1.923426e+00, 0.000000e+00, 2.243998e-01, 0.000000e+00, 4.543367e+04
5.000985e-02, 1.000191e-01, 1.901309e+00, 0.000000e+00, 2.243998e-01, 0.000000e+00, 4.661424e+04
5.000988e-02, 1.000185e-01, 1.880143e+00, 0.000000e+00, 2.243998e-01, 0.000000e+00, 4.782555e+04
5.000991e-02, 1.000178e-01, 1.859923e+00, 0.000000e+00, 2.243998e-01, 0.000000e+00, 4.906834e+04
5.000994e-02, 1.000171e-01, 1.840644e+00, 0.000000e+00, 2.243998e-01, 0.000000e+00, 5.034335e+04
5.000997e-02, 1.000163e-01, 1.822299e+00, 0.000000e+00, 2.243998e-01, 0.000000e+00, 5.165135e+04
5.000999e-02, 1.000155e-01, 1.804877e+00, 0.000000e+00, 2.243998e-01, 0.000000e+00, 5.299308e+04
5.001001e-02, 1.000147e-01, 1.788358e+00, 0.000000e+00, 2.243999e-01, 0.000000e+00, 5.437004e+04
5.001003e-02, 1.000138e-01, 1.772729e+00, 0.000000e+00, 2.243999e-01, 0.000000e+00, 5.578298e+04
5.001004e-02, 1.000129e-01, 1.757982e+00, 0.000000e+00, 2.243999e-01, 0.000000e+00, 5.723190e+04
5.001005e-02, 1.000120e-01, 1.744086e+00, 0.000000e+00, 2.243999e-01, 0.000000e+00, 5.871905e+04
5.001006e-02, 1.000110e-01, 1.731029e+00, 0.000000e+00, 2.243999e-01, 0.000000e+00, 6.024442e+04
5.001007e-02, 1.000100e-01, 1.718783e+00, 0.000000e+00, 2.243999e-01, 0.000000e+00, 6.180952e+04
5.001007e-02, 1.000089e-01, 1.707329e+00, 0.000000e+00, 2.243999e-01, 0.000000e+00, 6.341510e+04
5.001007e-02, 1.000078e-01, 1.696636e+00, 0.000000e+00, 2.243999e-01, 0.000000e+00, 6.506266e+04
5.001007e-02, 1.000066e-01, 1.686681e+00, 0.000000e+00, 2.243999e-01, 0.000000e+00, 6.675294e+04
5.001007e-02, 1.000054e-01, 1.677435e+00, 0.000000e+00, 2.244000e-01, 0.000000e+00, 6.848744e+04
5.001006e-02, 1.000042e-01, 1.668871e+00, 0.000000e+00, 2.244000e-01, 0.000000e+00, 7.026692e+04
5.001005e-02, 1.000029e-01, 1.660961e+00, 0.000000e+00, 2.244000e-01, 0.000000e+00, 7.209212e+04
5.001004e-02, 1.000016e-01, 1.653671e+00, 0.000000e+00, 2.244000e-01, 0.000000e+00, 7.396530e+04
5.001003e-02, 1.000003e-01, 1.646974e+00, 0.000000e+00, 2.244000e-01, 0.000000e+00, 7.588719e+04
5.001002e-02, 9.999886e-02, 1.640840e+00, 0.000000e+00, 2.244000e-01, 0.000000e+00, 7.785856e+04
5.001000e-02, 9.999741e-02, 1.635237e+00, 0.000000e+00, 2.244000e-01, 0.000000e+00, 7.988090e+04
5.000998e-02, 9.999592e-02, 1.630133e+00, 0.000000e+00, 2.244000e-01, 0.000000e+00, 8.195646e+04
5.000996e-02, 9.999438e-02, 1.625501e+00, 0.000000e+00, 2.244001e-01, 0.000000e+00, 8.408524e+04
5.000994e-02, 9.999279e-02, 1.621309e+00, 0.000000e+00, 2.244001e-01, 0.000000e+00, 8.626948e+04
5.000992e-02, 9.999115e-02, 1.617526e+00, 0.000000e+00, 2.244001e-01, 0.000000e+00, 8.851070e+04
5.000989e-02, 9.998947e-02, 1.614125e+00, 0.000000e+00, 2.244001e-01, 0.000000e+00, 9.081038e+04
5.000987e-02, 9.998773e-02, 1.611079e+00, 0.000000e+00, 2.244001e-01, 0.000000e+00, 9.316927e+04
5.000984e-02, 9.998595e-02, 1.608359e+00, 0.000000e+00, 2.244001e-01, 0.000000e+00, 9.558963e+04
5.000981e-02, 9.998412e-02, 1.605939e+00, 0.000000e+00, 2.244002e-01, 0.000000e+00, 9.807296e+04
5.000977e-02, 9.998223e-02, 1.603794e+00, 0.000000e+00, 2.244002e-01, 0.000000e+00, 1.006207e+05
5.000974e-02, 9.998029e-02, 1.601900e+00, 0.000000e+00, 2.244002e-01, 0.000000e+00, 1.032345e+05
5.000970e-02, 9.997830e-02, 1.600234e+00, 0.000000e+00, 2.244002e-01, 0.000000e+00, 1.059165e+05
5.000967e-02, 9.997625e-02, 1.598774e+00, 0.000000e+00, 2.244002e-01, 0.000000e+00, 1.086681e+05
5.000963e-02, 9.997415e-02, 1.597500e+00, 0.000000e+00, 2.244003e-01, 0.000000e+00, 1.114910e+05
5.000959e-02, 9.997199e-02, 1.596393e+00, 0.000000e+00, 2.244003e-01, 0.000000e+00, 1.143873e+05
5.000955e-02, 9.996977e-02, 1.595436e+00, 0.000000e+00, 2.244003e-01, 0.000000e+00, 1.173586e+05
5.000951e-02, 9.996749e-02, 1.594611e+00, 0.000000e+00, 2.244003e-01, 0.000000e+00, 1.204071e+05
5.000946e-02, 9.996515e-02, 1.593904e+00, 0.000000e+00, 2.244003e-01, 0.000000e+00, 1.235351e+05
5.000942e-02, 9.996275e-02, 1.593300e+00, 0.000000e+00, 2.244004e-01, 0.000000e+00, 1.267440e+05
5.000937e-02, 9.996028e-02, 1.592786e+00, 0.000000e+00, 2.244004e-01, 0.000000e+00, 1.300361e+05
5.000932e-02, 9.995775e-02, 1.592352e+00, 0.000000e+00, 2.244004e-01, 0.000000e+00, 1.334144e+05
5.000927e-02, 9.995516e-02, 1.591987e+00, 0.000000e+00, 2.244004e-01, 0.000000e+00, 1.368804e+05
5.000922e-02, 9.995249e-02, 1.591681e+00, 0.000000e+00, 2.244005e-01, 0.000000e+00, 1.404364e+05
5.000917e-02, 9.994976e-02, 1.591426e+00, 0.000000e+00, 2.244005e-01, 0.000000e+00, 1.440845e+05
5.000911e-02, 9.994695e-02, 1.591214e+00, 0.000000e+00, 2.244005e-01, 0.000000e+00, 1.478272e+05
5.000906e-02, 9.994407e-02, 1.591039e+00, 0.000000e+00, 2.244005e-01, 0.000000e+00, 1.516672e+05
5.000900e-02, 9.994111e-02, 1.590896e+00, 0.000000e+00, 2.244006e-01, 0.000000e+00, 1.556069e+05
5.000894e-02, 9.993808e-02, 1.590779e+00, 0.000000e+00, 2.244006e-01, 0.000000e+00, 1.596494e+05
5.000888e-02, 9.993497e-02, 1.590684e+00, 0.000000e+00, 2.244006e-01, 0.000000e+00, 1.637967e+05
5.000882e-02, 9.993178e-02, 1.590606e+00, 0.000000e+00, 2.244007e-01, 0.000000e+00, 1.680513e+05
5.000875e-02, 9.992850e-02, 1.590544e+00, 0.000000e+00, 2.244007e-01, 0.000000e+00, 1.724168e+05
5.000869e-02, 9.992514e-02, 1.590494e+00, 0.000000e+00, 2.244007e-01, 0.000000e+00, 1.768955e+05
5.000862e-02, 9.992169e-02, 1.590454e+00, 0.000000e+00, 2.244007e-01, 0.000000e+00, 1.814903e+05
5.000855e-02, 9.991816e-02, 1.590422e+00, 0.000000e+00, 2.244008e-01, 0.000000e+00, 1.862044e+05
5.000848e-02, 9.991453e-02, 1.590396e+00, 0.000000e+00, 2.244008e-01, 0.000000e+00, 1.910413e+05
5.000841e-02, 9.991081e-02, 1.590375e+00, 0.000000e+00, 2.244008e-01, 0.000000e+00, 1.960035e+05
5.000833e-02, 9.990699e-02, 1.590359e+00, 0.000000e+00, 2.244009e-01, 0.000000e+00, 2.010946e+05
5.000826e-02, 9.990307e-02, 1.590345e+00, 0.000000e+00, 2.244009e-01, 0.000000e+00, 2.063183e+05
5.000818e-02, 9.989905e-02, 1.590334e+00, 0.000000e+00, 2.244010e-01, 0.000000e+00, 2.116778e+05
5.000810e-02, 9.989492e-02, 1.590325e+00, 0.000000e+00, 2.244010e-01, 0.000000e+00, 2.171766e+05
5.000801e-02, 9.989069e-02, 1.590317e+00, 0.000000e+00, 2.244010e-01, 0.000000e+00, 2.228179e+05
5.000793e-02, 9.988635e-02, 1.590310e+00, 0.000000e+00, 2.244011e-01, 0.000000e+00, 2.286060e+05
5.000784e-02, 9.988189e-02, 1.590304e+00, 0.000000e+00, 2.244011e-01, 0.000000e+00, 2.345441e+05
5.000775e-02, 9.987732e-02, 1.590298e+00, 0.000000e+00, 2.244012e-01, 0.000000e+00, 2.406366e+05
5.000766e-02, 9.987263e-02, 1.590293e+00, 0.000000e+00, 2.244012e-01, 0.000000e+00, 2.468873e+05
5.000757e-02, 9.986782e-02, 1.590288e+00, 0.000000e+00, 2.244013e-01, 0.000000e+00, 2.533006e+05
5.000747e-02, 9.986289e-02, 1.590283e+00, 0.000000e+00, 2.244013e-01, 0.000000e+00, 2.598803e+05
5.000737e-02, 9.985783e-02, 1.590278e+00, 0.000000e+00, 2.244013e-01, 0.000000e+00, 2.666310e+05
5.000727e-02, 9.985263e-02, 1.590273e+00, 0.000000e+00, 2.244014e-01, 0.000000e+00, 2.735570e+05
5.000717e-02, 9.984730e-02, 1.590268e+00, 0.000000e+00, 2.244014e-01, 0.000000e+00, 2.806629e+05
5.000706e-02, 9.984183e-02, 1.590263e+00, 0.000000e+00, 2.244015e-01, 0.000000e+00, 2.879532e+05
5.000695e-02, 9.983623e-02, 1.590258e+00, 0.000000e+00, 2.244015e-01, 0.000000e+00, 2.954332e+05
5.000684e-02, 9.983047e-02, 1.590253e+00, 0.000000e+00, 2.244016e-01, 0.000000e+00, 3.031073e+05
5.000672e-02, 9.982457e-02, 1.590248e+00, 0.000000e+00, 2.244017e-01, 0.000000e+00, 3.109808e+05
5.000660e-02, 9.981851e-02, 1.590243e+00, 0.000000e+00, 2.244017e-01, 0.000000e+00, 3.190589e+05
5.000648e-02, 9.981230e-02, 1.590237e+00, 0.000000e+00, 2.244018e-01, 0.000000e+00, 3.273469e+05
5.000636e-02, 9.980592e-02, 1.590232e+00, 0.000000e+00, 2.244018e-01, 0.000000e+00, 3.358500e+05
5.000623e-02, 9.979938e-02, 1.590226e+00, 0.000000e+00, 2.244019e-01, 0.000000e+00, 3.445735e+05
5.000610e-02, 9.979267e-02, 1.590220e+00, 0.000000e+00, 2.244020e-01, 0.000000e+00, 3.535241e+05
5.000597e-02, 9.978579e-02, 1.590214e+00, 0.000000e+00, 2.244020e-01, 0.000000e+00, 3.627071e+05
5.000583e-02, 9.977873e-02, 1.590208e+00, 0.000000e+00, 2.244021e-01, 0.000000e+00, 3.721284e+05
5.000569e-02, 9.977149e-02, 1.590202e+00, 0.000000e+00, 2.244022e-01, 0.000000e+00, 3.817941e+05
5.000554e-02, 9.976405e-02, 1.590195e+00, 0.000000e+00, 2.244022e-01, 0.000000e+00, 3.917109e+05
5.000539e-02, 9.975643e-02, 1.590188e+00, 0.000000e+00, 2.244023e-01, 0.000000e+00, 4.018856e+05
5.000524e-02, 9.974861e-02, 1.590182e+00, 0.000000e+00, 2.244024e-01, 0.000000e+00, 4.123248e+05
5.000508e-02, 9.974058e-02, 1.590175e+00, 0.000000e+00, 2.244024e-01, 0.000000e+00, 4.230347e+05
5.000492e-02, 9.973235e-02, 1.590167e+00, 0.000000e+00, 2.244025e-01, 0.000000e+00, 4.340226e+05
5.000476e-02, 9.972390e-02, 1.590160e+00, 0.000000e+00, 2.244026e-01, 0.000000e+00, 4.452962e+05
5.000459e-02, 9.971524e-02, 1.590153e+00, 0.000000e+00, 2.244027e-01, 0.000000e+00, 4.568628e+05
5.000441e-02, 9.970635e-02, 1.590145e+00, 0.000000e+00, 2.244028e-01, 0.000000e+00, 4.687300e+05
5.000424e-02, 9.969723e-02, 1.590137e+00, 0.000000e+00, 2.244028e-01, 0.000000e+00, 4.809052e+05
5.000405e-02, 9.968787e-02, 1.590129e+00, 0.000000e+00, 2.244029e-01, 0.000000e+00, 4.933968e+05
5.000387e-02, 9.967828e-02, 1.590120e+00, 0.000000e+00, 2.244030e-01, 0.000000e+00, 5.062129e+05
5.000367e-02, 9.966843e-02, 1.590112e+00, 0.000000e+00, 2.244031e-01, 0.000000e+00, 5.193619e+05
5.000348e-02, 9.965833e-02, 1.590103e+00, 0.000000e+00, 2.244032e-01, 0.000000e+00, 5.328519e+05
5.000327e-02, 9.964797e-02, 1.590094e+00, 0.000000e+00, 2.244033e-01, 0.000000e+00, 5.466927e+05
5.000307e-02, 9.963734e-02, 1.590085e+00, 0.000000e+00, 2.244034e-01, 0.000000e+00, 5.608926e+05
5.000285e-02, 9.962643e-02, 1.590075e+00, 0.000000e+00, 2.244035e-01, 0.000000e+00, 5.754619e+05
5.000263e-02, 9.961524e-02, 1.590065e+00, 0.000000e+00, 2.244036e-01, 0.000000e+00, 5.904091e+05
5.000241e-02, 9.960376e-02, 1.590055e+00, 0.000000e+00, 2.244037e-01, 0.000000e+00, 6.057446e+05
5.000218e-02, 9.959199e-02, 1.590045e+00, 0.000000e+00, 2.244038e-01, 0.000000e+00, 6.214788e+05
5.000194e-02, 9.957991e-02, 1.590035e+00, 0.000000e+00, 2.244039e-01, 0.000000e+00, 6.376215e+05
5.000170e-02, 9.956752e-02, 1.590024e+00, 0.000000e+00, 2.244041e-01, 0.000000e+00, 6.541833e+05
5.000145e-02, 9.955481e-02, 1.590013e+00, 0.000000e+00, 2.244042e-01, 0.000000e+00, 6.711753e+05
5.000120e-02, 9.954176e-02, 1.590002e+00, 0.000000e+00, 2.244043e-01, 0.000000e+00, 6.886088e+05
5.000094e-02, 9.952839e-02, 1.589990e+00, 0.000000e+00, 2.244044e-01, 0.000000e+00, 7.064950e+05
5.000067e-02, 9.951466e-02, 1.589978e+00, 0.000000e+00, 2.244046e-01, 0.000000e+00, 7.248460e+05
5.000040e-02, 9.950058e-02, 1.589966e+00, 0.000000e+00, 2.244047e-01, 0.000000e+00, 7.436736e+05
5.000011e-02, 9.948614e-02, 1.589953e+00, 0.000000e+00, 2.244048e-01, 0.000000e+00, 7.629901e+05
4.999982e-02, 9.947132e-02, 1.589940e+00, 0.000000e+00, 2.244050e-01, 0.000000e+00, 7.828087e+05
4.999953e-02, 9.945612e-02, 1.589927e+00, 0.000000e+00, 2.244051e-01, 0.000000e+00, 8.031415e+05
4.999922e-02, 9.944053e-02, 1.589914e+00, 0.000000e+00, 2.244052e-01, 0.000000e+00, 8.240028e+05
4.999891e-02, 9.942454e-02, 1.589900e+00, 0.000000e+00, 2.244054e-01, 0.000000e+00, 8.454060e+05
4.999859e-02, 9.940813e-02, 1.589886e+00, 0.000000e+00, 2.244056e-01, 0.000000e+00, 8.673647e+05
4.999826e-02, 9.939130e-02, 1.589871e+00, 0.000000e+00, 2.244057e-01, 0.000000e+00, 8.898937e+05
4.999793e-02, 9.937403e-02, 1.589856e+00, 0.000000e+00, 2.244059e-01, 0.000000e+00, 9.130082e+05
4.999758e-02, 9.935632e-02, 1.589841e+00, 0.000000e+00, 2.244060e-01, 0.000000e+00, 9.367231e+05
4.999723e-02, 9.933815e-02, 1.589825e+00, 0.000000e+00, 2.244062e-01, 0.000000e+00, 9.610541e+05
4.999686e-02, 9.931951e-02, 1.589809e+00, 0.000000e+00, 2.244064e-01, 0.000000e+00, 9.860170e+05
4.999649e-02, 9.930039e-02, 1.589792e+00, 0.000000e+00, 2.244066e-01, 0.000000e+00, 1.011628e+06
4.999611e-02, 9.928077e-02, 1.589775e+00, 0.000000e+00, 2.244067e-01, 0.000000e+00, 1.037905e+06
4.999571e-02, 9.926065e-02, 1.589758e+00, 0.000000e+00, 2.244069e-01, 0.000000e+00, 1.064864e+06
4.999531e-02, 9.924001e-02, 1.589740e+00, 0.000000e+00, 2.244071e-01, 0.000000e+00, 1.092523e+06
4.999490e-02, 9.921884e-02, 1.589722e+00, 0.000000e+00, 2.244073e-01, 0.000000e+00, 1.120901e+06
4.999447e-02, 9.919712e-02, 1.589703e+00, 0.000000e+00, 2.244075e-01, 0.000000e+00, 1.150015e+06
4.999404e-02, 9.917485e-02, 1.589684e+00, 0.000000e+00, 2.244077e-01, 0.000000e+00, 1.179887e+06
4.999359e-02, 9.915200e-02, 1.589664e+00, 0.000000e+00, 2.244080e-01, 0.000000e+00, 1.210533e+06
4.999313e-02, 9.912855e-02, 1.589644e+00, 0.000000e+00, 2.244082e-01, 0.000000e+00, 1.241976e+06
4.999267e-02, 9.910451e-02, 1.589623e+00, 0.000000e+00, 2.244084e-01, 0.000000e+00, 1.274236e+06
4.999218e-02, 9.907985e-02, 1.589602e+00, 0.000000e+00, 2.244086e-01, 0.000000e+00, 1.307333e+06
4.999169e-02, 9.905455e-02, 1.589580e+00, 0.000000e+00, 2.244089e-01, 0.000000e+00, 1.341290e+06
4.999118e-02, 9.902859e-02, 1.589558e+00, 0.000000e+00, 2.244091e-01, 0.000000e+00, 1.376129e+06
4.999067e-02, 9.900198e-02, 1.589535e+00, 0.000000e+00, 2.244094e-01, 0.000000e+00, 1.411873e+06
4.999013e-02, 9.897467e-02, 1.589511e+00, 0.000000e+00, 2.244096e-01, 0.000000e+00, 1.448546e+06
4.998959e-02, 9.894666e-02, 1.589487e+00, 0.000000e+00, 2.244099e-01, 0.000000e+00, 1.486170e+06
4.998903e-02, 9.891794e-02, 1.589462e+00, 0.000000e+00, 2.244102e-01, 0.000000e+00, 1.524773e+06
4.998845e-02, 9.888847e-02, 1.589437e+00, 0.000000e+00, 2.244104e-01, 0.000000e+00, 1.564378e+06
4.998786e-02, 9.885824e-02, 1.589411e+00, 0.000000e+00, 2.244107e-01, 0.000000e+00, 1.605011e+06
4.998726e-02, 9.882724e-02, 1.589385e+00, 0.000000e+00, 2.244110e-01, 0.000000e+00, 1.646700e+06
4.998664e-02, 9.879544e-02, 1.589357e+00, 0.000000e+00, 2.244113e-01, 0.000000e+00, 1.689472e+06
4.998600e-02, 9.876283e-02, 1.589329e+00, 0.000000e+00, 2.244116e-01, 0.000000e+00, 1.733355e+06
4.998535e-02, 9.872938e-02, 1.589301e+00, 0.000000e+00, 2.244119e-01, 0.000000e+00, 1.778378e+06
4.998468e-02, 9.869506e-02, 1.589271e+00, 0.000000e+00, 2.244123e-01, 0.000000e+00, 1.824570e+06
4.998399e-02, 9.865987e-02, 1.589241e+00, 0.000000e+00, 2.244126e-01, 0.000000e+00, 1.871961e+06
4.998329e-02, 9.862377e-02, 1.589210e+00, 0.000000e+00, 2.244129e-01, 0.000000e+00, 1.920584e+06
4.998257e-02, 9.858675e-02, 1.589179e+00, 0.000000e+00, 2.244133e-01, 0.000000e+00, 1.970470e+06
4.998183e-02, 9.854878e-02, 1.589146e+00, 0.000000e+00, 2.244136e-01, 0.000000e+00, 2.021651e+06
4.998107e-02, 9.850983e-02, 1.589113e+00, 0.000000e+00, 2.244140e-01, 0.000000e+00, 2.074162e+06
4.998029e-02, 9.846989e-02, 1.589079e+00, 0.000000e+00, 2.244144e-01, 0.000000e+00, 2.128037e+06
4.997949e-02, 9.842892e-02, 1.589044e+00, 0.000000e+00, 2.244148e-01, 0.000000e+00, 2.183311e+06
4.997867e-02, 9.838690e-02, 1.589008e+00, 0.000000e+00, 2.244152e-01, 0.000000e+00, 2.240020e+06
4.997783e-02, 9.834381e-02, 1.588972e+00, 0.000000e+00, 2.244156e-01, 0.000000e+00, 2.298203e+06
4.997697e-02, 9.829961e-02, 1.588934e+00, 0.000000e+00, 2.244160e-01, 0.000000e+00, 2.357898e+06
4.997609e-02, 9.825428e-02, 1.588896e+00, 0.000000e+00, 2.244164e-01, 0.000000e+00, 2.419142e+06
4.997518e-02, 9.820780e-02, 1.588856e+00, 0.000000e+00, 2.244169e-01, 0.000000e+00, 2.481977e+06
4.997425e-02, 9.816012e-02, 1.588816e+00, 0.000000e+00, 2.244173e-01, 0.000000e+00, 2.546444e+06
4.997330e-02, 9.811123e-02, 1.588774e+00, 0.000000e+00, 2.244178e-01, 0.000000e+00, 2.612586e+06
4.997232e-02, 9.806109e-02, 1.588732e+00, 0.000000e+00, 2.244183e-01, 0.000000e+00, 2.680446e+06
4.997132e-02, 9.800967e-02, 1.588688e+00, 0.000000e+00, 2.244187e-01, 0.000000e+00, 2.750069e+06
4.997029e-02, 9.795693e-02, 1.588644e+00, 0.000000e+00, 2.244193e-01, 0.000000e+00, 2.821500e+06
4.996924e-02, 9.790285e-02, 1.588598e+00, 0.000000e+00, 2.244198e-01, 0.000000e+00, 2.894786e+06
4.996816e-02, 9.784739e-02, 1.588552e+00, 0.000000e+00, 2.244203e-01, 0.000000e+00, 2.969975e+06
4.996705e-02, 9.779052e-02, 1.588504e+00, 0.000000e+00, 2.244208e-01, 0.000000e+00, 3.047118e+06
4.996591e-02, 9.773220e-02, 1.588455e+00, 0.000000e+00, 2.244214e-01, 0.000000e+00, 3.126264e+06
4.996475e-02, 9.767239e-02, 1.588404e+00, 0.000000e+00, 2.244220e-01, 0.000000e+00, 3.207467e+06
4.996355e-02, 9.761107e-02, 1.588353e+00, 0.000000e+00, 2.244225e-01, 0.000000e+00, 3.290778e+06
4.996233e-02, 9.754818e-02, 1.588300e+00, 0.000000e+00, 2.244231e-01, 0.000000e+00, 3.376253e+06
4.996107e-02, 9.748370e-02, 1.588246e+00, 0.000000e+00, 2.244238e-01, 0.000000e+00, 3.463948e+06
4.995979e-02, 9.741757e-02, 1.588191e+00, 0.000000e+00, 2.244244e-01, 0.000000e+00, 3.553921e+06
4.995847e-02, 9.734977e-02, 1.588134e+00, 0.000000e+00, 2.244250e-01, 0.000000e+00, 3.646231e+06
4.995711e-02, 9.728025e-02, 1.588076e+00, 0.000000e+00, 2.244257e-01, 0.000000e+00, 3.740939e+06
4.995572e-02, 9.720897e-02, 1.588017e+00, 0.000000e+00, 2.244264e-01, 0.000000e+00, 3.838106e+06
4.995430e-02, 9.713588e-02, 1.587956e+00, 0.000000e+00, 2.244271e-01, 0.000000e+00, 3.937797e+06
4.995284e-02, 9.706093e-02, 1.587894e+00, 0.000000e+00, 2.244278e-01, 0.000000e+00, 4.040078e+06
4.995135e-02, 9.698409e-02, 1.587830e+00, 0.000000e+00, 2.244285e-01, 0.000000e+00, 4.145016e+06
4.994981e-02, 9.690531e-02, 1.587765e+00, 0.000000e+00, 2.244293e-01, 0.000000e+00, 4.252679e+06
4.994824e-02, 9.682454e-02, 1.587698e+00, 0.000000e+00, 2.244301e-01, 0.000000e+00, 4.363138e+06
4.994663e-02, 9.674173e-02, 1.587630e+00, 0.000000e+00, 2.244309e-01, 0.000000e+00, 4.476467e+06
4.994498e-02, 9.665683e-02, 1.587560e+00, 0.000000e+00, 2.244317e-01, 0.000000e+00, 4.592740e+06
4.994329e-02, 9.656978e-02, 1.587488e+00, 0.000000e+00, 2.244325e-01, 0.000000e+00, 4.712032e+06
4.994155e-02, 9.648055e-02, 1.587415e+00, 0.000000e+00, 2.244334e-01, 0.000000e+00, 4.834424e+06
4.993977e-02, 9.638906e-02, 1.587340e+00, 0.000000e+00, 2.244342e-01, 0.000000e+00, 4.959994e+06
4.993795e-02, 9.629528e-02, 1.587263e+00, 0.000000e+00, 2.244351e-01, 0.000000e+00, 5.088825e+06
4.993608e-02, 9.619914e-02, 1.587185e+00, 0.000000e+00, 2.244361e-01, 0.000000e+00, 5.221003e+06
4.993416e-02, 9.610059e-02, 1.587104e+00, 0.000000e+00, 2.244370e-01, 0.000000e+00, 5.356614e+06
4.993220e-02, 9.599956e-02, 1.587022e+00, 0.000000e+00, 2.244380e-01, 0.000000e+00, 5.495747e+06
4.993019e-02, 9.589600e-02, 1.586938e+00, 0.000000e+00, 2.244390e-01, 0.000000e+00, 5.638495e+06
4.992812e-02, 9.578985e-02, 1.586852e+00, 0.000000e+00, 2.244400e-01, 0.000000e+00, 5.784949e+06
4.992601e-02, 9.568104e-02, 1.586764e+00, 0.000000e+00, 2.244411e-01, 0.000000e+00, 5.935208e+06
4.992384e-02, 9.556951e-02, 1.586674e+00, 0.000000e+00, 2.244422e-01, 0.000000e+00, 6.089370e+06
4.992162e-02, 9.545520e-02, 1.586582e+00, 0.000000e+00, 2.244433e-01, 0.000000e+00, 6.247536e+06
4.991934e-02, 9.533804e-02, 1.586488e+00, 0.000000e+00, 2.244444e-01, 0.000000e+00, 6.409810e+06
4.991701e-02, 9.521796e-02, 1.586392e+00, 0.000000e+00, 2.244456e-01, 0.000000e+00, 6.576299e+06
4.991462e-02, 9.509489e-02, 1.586293e+00, 0.000000e+00, 2.244468e-01, 0.000000e+00, 6.747113e+06
4.991217e-02, 9.496877e-02, 1.586193e+00, 0.000000e+00, 2.244480e-01, 0.000000e+00, 6.922363e+06
4.990966e-02, 9.483951e-02, 1.586090e+00, 0.000000e+00, 2.244493e-01, 0.000000e+00, 7.102165e+06
4.990709e-02, 9.470705e-02, 1.585985e+00, 0.000000e+00, 2.244506e-01, 0.000000e+00, 7.286637e+06
4.990445e-02, 9.457130e-02, 1.585877e+00, 0.000000e+00, 2.244519e-01, 0.000000e+00, 7.475902e+06
4.990175e-02, 9.443220e-02, 1.585768e+00, 0.000000e+00, 2.244533e-01, 0.000000e+00, 7.670081e+06
4.989899e-02, 9.428967e-02, 1.585656e+00, 0.000000e+00, 2.244547e-01, 0.000000e+00, 7.869305e+06
4.989615e-02, 9.414361e-02, 1.585541e+00, 0.000000e+00, 2.244561e-01, 0.000000e+00, 8.073703e+06
4.989325e-02, 9.399396e-02, 1.585424e+00, 0.000000e+00, 2.244576e-01, 0.000000e+00, 8.283410e+06
4.989027e-02, 9.384063e-02, 1.585305e+00, 0.000000e+00, 2.244591e-01, 0.000000e+00, 8.498564e+06
4.988723e-02, 9.368354e-02, 1.585183e+00, 0.000000e+00, 2.244606e-01, 0.000000e+00, 8.719307e+06
4.988410e-02, 9.352259e-02, 1.585058e+00, 0.000000e+00, 2.244622e-01, 0.000000e+00, 8.945782e+06
4.988091e-02, 9.335770e-02, 1.584931e+00, 0.000000e+00, 2.244638e-01, 0.000000e+00, 9.178141e+06
4.987763e-02, 9.318878e-02, 1.584801e+00, 0.000000e+00, 2.244655e-01, 0.000000e+00, 9.416535e+06
4.987427e-02, 9.301574e-02, 1.584669e+00, 0.000000e+00, 2.244672e-01, 0.000000e+00, 9.661121e+06
4.987084e-02, 9.283848e-02, 1.584533e+00, 0.000000e+00, 2.244690e-01, 0.000000e+00, 9.912059e+06
4.986732e-02, 9.265691e-02, 1.584395e+00, 0.000000e+00, 2.244708e-01, 0.000000e+00, 1.016952e+07
4.986371e-02, 9.247093e-02, 1.584255e+00, 0.000000e+00, 2.244727e-01, 0.000000e+00, 1.043366e+07
4.986002e-02, 9.228045e-02, 1.584111e+00, 0.000000e+00, 2.244746e-01, 0.000000e+00, 1.070467e+07
4.985624e-02, 9.208536e-02, 1.583965e+00, 0.000000e+00, 2.244765e-01, 0.000000e+00, 1.098271e+07
4.985237e-02, 9.188556e-02, 1.583815e+00, 0.000000e+00, 2.244785e-01, 0.000000e+00, 1.126797e+07
4.984841e-02, 9.168095e-02, 1.583663e+00, 0.000000e+00, 2.244806e-01, 0.000000e+00, 1.156065e+07
4.984435e-02, 9.147141e-02, 1.583508e+00, 0.000000e+00, 2.244827e-01, 0.000000e+00, 1.186093e+07
4.984019e-02, 9.125685e-02, 1.583350e+00, 0.000000e+00, 2.244849e-01, 0.000000e+00, 1.216900e+07
4.983594e-02, 9.103716e-02, 1.583189e+00, 0.000000e+00, 2.244871e-01, 0.000000e+00, 1.248508e+07
4.983158e-02, 9.081222e-02, 1.583024e+00, 0.000000e+00, 2.244894e-01, 0.000000e+00, 1.280937e+07
4.982712e-02, 9.058191e-02, 1.582857e+00, 0.000000e+00, 2.244917e-01, 0.000000e+00, 1.314208e+07
4.982256e-02, 9.034614e-02, 1.582687e+00, 0.000000e+00, 2.244941e-01, 0.000000e+00, 1.348344e+07
4.981788e-02, 9.010477e-02, 1.582514e+00, 0.000000e+00, 2.244966e-01, 0.000000e+00, 1.383366e+07
4.981310e-02, 8.985769e-02, 1.582337e+00, 0.000000e+00, 2.244991e-01, 0.000000e+00, 1.419297e+07
4.980821e-02, 8.960479e-02, 1.582158e+00, 0.000000e+00, 2.245017e-01, 0.000000e+00, 1.456162e+07
4.980320e-02, 8.934593e-02, 1.581975e+00, 0.000000e+00, 2.245043e-01, 0.000000e+00, 1.493985e+07
4.979807e-02, 8.908100e-02, 1.581790e+00, 0.000000e+00, 2.245071e-01, 0.000000e+00, 1.532789e+07
4.979282e-02, 8.880987e-02, 1.581601e+00, 0.000000e+00, 2.245099e-01, 0.000000e+00, 1.572602e+07
4.978745e-02, 8.853242e-02, 1.581409e+00, 0.000000e+00, 2.245127e-01, 0.000000e+00, 1.613449e+07
4.978196e-02, 8.824852e-02, 1.581214e+00, 0.000000e+00, 2.245157e-01, 0.000000e+00, 1.655357e+07
4.977634e-02, 8.795803e-02, 1.581016e+00, 0.000000e+00, 2.245187e-01, 0.000000e+00, 1.698353e+07
4.977059e-02, 8.766083e-02, 1.580815e+00, 0.000000e+00, 2.245218e-01, 0.000000e+00, 1.742467e+07
4.976470e-02, 8.735678e-02, 1.580611e+00, 0.000000e+00, 2.245250e-01, 0.000000e+00, 1.787725e+07
4.975868e-02, 8.704576e-02, 1.580403e+00, 0.000000e+00, 2.245283e-01, 0.000000e+00, 1.834160e+07
4.975253e-02, 8.672762e-02, 1.580193e+00, 0.000000e+00, 2.245316e-01, 0.000000e+00, 1.881801e+07
4.974623e-02, 8.640223e-02, 1.579980e+00, 0.000000e+00, 2.245351e-01, 0.000000e+00, 1.930679e+07
4.973979e-02, 8.606945e-02, 1.579764e+00, 0.000000e+00, 2.245386e-01, 0.000000e+00, 1.980826e+07
4.973321e-02, 8.572914e-02, 1.579545e+00, 0.000000e+00, 2.245422e-01, 0.000000e+00, 2.032276e+07
4.972647e-02, 8.538117e-02, 1.579323e+00, 0.000000e+00, 2.245459e-01, 0.000000e+00, 2.085063e+07
4.971959e-02, 8.502539e-02, 1.579098e+00, 0.000000e+00, 2.245498e-01, 0.000000e+00, 2.139220e+07
4.971254e-02, 8.466166e-02, 1.578871e+00, 0.000000e+00, 2.245537e-01, 0.000000e+00, 2.194784e+07
4.970534e-02, 8.428984e-02, 1.578641e+00, 0.000000e+00, 2.245577e-01, 0.000000e+00, 2.251792e+07
4.969799e-02, 8.390978e-02, 1.578408e+00, 0.000000e+00, 2.245618e-01, 0.000000e+00, 2.310280e+07
4.969046e-02, 8.352135e-02, 1.578173e+00, 0.000000e+00, 2.245661e-01, 0.000000e+00, 2.370287e+07
4.968277e-02, 8.312439e-02, 1.577936e+00, 0.000000e+00, 2.245704e-01, 0.000000e+00, 2.431853e+07
4.967491e-02, 8.271878e-02, 1.577696e+00, 0.000000e+00, 2.245749e-01, 0.000000e+00, 2.495019e+07
4.966688e-02, 8.230435e-02, 1.577454e+00, 0.000000e+00, 2.245794e-01, 0.000000e+00, 2.559824e+07
4.965867e-02, 8.188097e-02, 1.577210e+00, 0.000000e+00, 2.245841e-01, 0.000000e+00, 2.626313e+07
4.965028e-02, 8.144850e-02, 1.576965e+00, 0.000000e+00, 2.245889e-01, 0.000000e+00, 2.694529e+07
4.964171e-02, 8.100679e-02, 1.576717e+00, 0.000000e+00, 2.245939e-01, 0.000000e+00, 2.764517e+07
4.963295e-02, 8.055570e-02, 1.576468e+00, 0.000000e+00, 2.245990e-01, 0.000000e+00, 2.836323e+07
4.962400e-02, 8.009509e-02, 1.576218e+00, 0.000000e+00, 2.246042e-01, 0.000000e+00, 2.909994e+07
4.961486e-02, 7.962481e-02, 1.575966e+00, 0.000000e+00, 2.246095e-01, 0.000000e+00, 2.985578e+07
4.960553e-02, 7.914473e-02, 1.575714e+00, 0.000000e+00, 2.246150e-01, 0.000000e+00, 3.063126e+07
4.959599e-02, 7.865472e-02, 1.575461e+00, 0.000000e+00, 2.246206e-01, 0.000000e+00, 3.142687e+07
4.958626e-02, 7.815463e-02, 1.575207e+00, 0.000000e+00, 2.246264e-01, 0.000000e+00, 3.224316e+07
4.957631e-02, 7.764433e-02, 1.574952e+00, 0.000000e+00, 2.246324e-01, 0.000000e+00, 3.308064e+07
4.956616e-02, 7.712370e-02, 1.574698e+00, 0.000000e+00, 2.246384e-01, 0.000000e+00, 3.393988e+07
4.955579e-02, 7.659259e-02, 1.574444e+00, 0.000000e+00, 2.246447e-01, 0.000000e+00, 3.482144e+07
4.954521e-02, 7.605090e-02, 1.574191e+00, 0.000000e+00, 2.246511e-01, 0.000000e+00, 3.572589e+07
4.953440e-02, 7.549849e-02, 1.573938e+00, 0.000000e+00, 2.246577e-01, 0.000000e+00, 3.665384e+07
4.952337e-02, 7.493525e-02, 1.573686e+00, 0.000000e+00, 2.246645e-01, 0.000000e+00, 3.760589e+07
4.951212e-02, 7.436106e-02, 1.573436e+00, 0.000000e+00, 2.246714e-01, 0.000000e+00, 3.858266e+07
4.950063e-02, 7.377581e-02, 1.573188e+00, 0.000000e+00, 2.246785e-01, 0.000000e+00, 3.958481e+07
4.948890e-02, 7.317940e-02, 1.572943e+00, 0.000000e+00, 2.246858e-01, 0.000000e+00, 4.061299e+07
4.947694e-02, 7.257174e-02, 1.572699e+00, 0.000000e+00, 2.246933e-01, 0.000000e+00, 4.166787e+07
4.946473e-02, 7.195271e-02, 1.572459e+00, 0.000000e+00, 2.247010e-01, 0.000000e+00, 4.275016e+07
4.945227e-02, 7.132224e-02, 1.572223e+00, 0.000000e+00, 2.247090e-01, 0.000000e+00, 4.386055e+07
4.943957e-02, 7.068025e-02, 1.571990e+00, 0.000000e+00, 2.247171e-01, 0.000000e+00, 4.499979e+07
4.942660e-02, 7.002665e-02, 1.571762e+00, 0.000000e+00, 2.247254e-01, 0.000000e+00, 4.616861e+07
4.941338e-02, 6.936139e-02, 1.571540e+00, 0.000000e+00, 2.247340e-01, 0.000000e+00, 4.736780e+07
4.939989e-02, 6.868441e-02, 1.571322e+00, 0.000000e+00, 2.247428e-01, 0.000000e+00, 4.859813e+07
4.938614e-02, 6.799565e-02, 1.571111e+00, 0.000000e+00, 2.247518e-01, 0.000000e+00, 4.986042e+07
4.937211e-02, 6.729507e-02, 1.570907e+00, 0.000000e+00, 2.247611e-01, 0.000000e+00, 5.115550e+07
4.935781e-02, 6.658265e-02, 1.570710e+00, 0.000000e+00, 2.247706e-01, 0.000000e+00, 5.248422e+07
4.934322e-02, 6.585836e-02, 1.570521e+00, 0.000000e+00, 2.247804e-01, 0.000000e+00, 5.384744e+07
4.932835e-02, 6.512220e-02, 1.570341e+00, 0.000000e+00, 2.247904e-01, 0.000000e+00, 5.524608e+07
4.931318e-02, 6.437416e-02, 1.570171e+00, 0.000000e+00, 2.248007e-01, 0.000000e+00, 5.668104e+07
4.929772e-02, 6.361426e-02, 1.570010e+00, 0.000000e+00, 2.248113e-01, 0.000000e+00, 5.815328e+07
4.928196e-02, 6.284253e-02, 1.569861e+00, 0.000000e+00, 2.248222e-01, 0.000000e+00, 5.966376e+07
4.926589e-02, 6.205901e-02, 1.569723e+00, 0.000000e+00, 2.248333e-01, 0.000000e+00, 6.121347e+07
4.924951e-02, 6.1